====================================================================================================
MODEL Q/V ANALYSIS VS THEORETICAL VALUES BY TIMESTEP
====================================================================================================

Q-Net Checkpoint: /home/hoang/python/inventory_control/checkpoints/inv_management_iql_minmax_run_11012026_205121/q_net/best_loss.pth
V-Net Checkpoint: /home/hoang/python/inventory_control/checkpoints/inv_management_iql_minmax_run_11012026_205121/v_net/best_loss.pth
Dataset: /home/hoang/python/inventory_control/data/inv_management_base_stock.pt
Episodes: 2000
Tau (for theoretical V): 0.8

----------------------------------------------------------------------------------------------------
SUMMARY
----------------------------------------------------------------------------------------------------
Metric                    Model Q      Model V      Theory G_t   Theory V    
----------------------------------------------------------------------------------------------------
Global Mean               14.2071      14.4146      11.8132      13.1249     
At t=0 (start)            36.5857      36.8596      31.4562      32.7505     
At t=14 (mid)             12.7711      12.9064      10.3049      11.7661     
At t=29 (end)             -0.0533      0.0576       -0.0256      0.4163      

MAE: Model Q vs G_t       2.3957      
MAE: Model V vs G_t       2.6013      
MAE: Model V vs Theory V  1.5678      

----------------------------------------------------------------------------------------------------
DETAILED VALUES BY TIMESTEP
----------------------------------------------------------------------------------------------------
t    Model Q    Model V    Theory G_t Theory V   Q-G_t      V-TheoryV 
----------------------------------------------------------------------------------------------------
0    36.5857    36.8596    31.4562    32.7505    5.1295     4.1091    
1    35.8632    36.2741    31.0526    32.2657    4.8106     4.0084    
2    34.8735    35.2188    30.3095    31.4724    4.5640     3.7464    
3    33.4178    33.7417    29.0574    30.2111    4.3605     3.5306    
4    31.5698    31.8231    27.3651    28.5739    4.2048     3.2492    
5    29.6292    29.8905    25.6281    26.7967    4.0010     3.0938    
6    27.7026    28.0411    23.9975    25.0995    3.7051     2.9415    
7    25.4658    25.8669    22.1121    23.2479    3.3537     2.6190    
8    23.2756    23.6003    20.1704    21.3161    3.1053     2.2842    
9    21.2274    21.4553    18.2897    19.3962    2.9377     2.0591    
10   19.3669    19.5680    16.5712    17.7106    2.7957     1.8574    
11   17.8726    18.0198    15.1759    16.2985    2.6967     1.7213    
12   16.3157    16.4069    13.6521    14.8676    2.6635     1.5393    
13   14.5852    14.7090    12.0104    13.3695    2.5747     1.3395    
14   12.7711    12.9064    10.3049    11.7661    2.4662     1.1403    
15   11.0266    11.1779    8.6987     10.1591    2.3279     1.0188    
16   9.3984     9.5239     7.1799     8.7133     2.2185     0.8106    
17   7.8053     7.9305     5.6970     7.2794     2.1083     0.6511    
18   6.2252     6.3045     4.1831     5.7895     2.0420     0.5150    
19   4.6530     4.7638     2.7149     4.3584     1.9380     0.4054    
20   3.1283     3.2954     1.3533     3.0726     1.7750     0.2228    
21   1.6739     1.9306     0.1569     1.9357     1.5171     -0.0051   
22   0.6635     0.8977     -0.6076    1.1215     1.2711     -0.2238   
23   0.2015     0.4062     -0.8119    0.7995     1.0134     -0.3933   
24   0.1640     0.3330     -0.6418    0.8764     0.8058     -0.5434   
25   0.1926     0.3597     -0.4347    0.9914     0.6273     -0.6318   
26   0.2532     0.4197     -0.1936    1.1320     0.4467     -0.7123   
27   0.2458     0.4060     -0.0294    1.1197     0.2751     -0.7137   
28   0.1119     0.2497     0.0049     0.8394     0.1071     -0.5896   
29   -0.0533    0.0576     -0.0256    0.4163     -0.0277    -0.3587   

====================================================================================================
DIAGNOSIS
====================================================================================================
[WARNING] Q-network is overestimating by avg 2.39.
[OK] V-network closely matches theoretical tau=0.8 expectile.
