====================================================================================================
THEORETICAL V-VALUE (EXPECTILE) ANALYSIS BY TIMESTEP AND TAU
====================================================================================================

Dataset: /home/hoang/python/inventory_control/data/inv_management_base_stock.pt
Episodes: 2000
Gamma: 0.99
Reward scale: 0.1
Tau values analyzed: [0.6, 0.65, 0.7, 0.75, 0.8, 0.85]

----------------------------------------------------------------------------------------------------
GLOBAL SUMMARY (Mean across all timesteps)
----------------------------------------------------------------------------------------------------
Tau        Mean V          Diff from G_t Mean  
----------------------------------------------------------------------------------------------------
Mean G_t   11.8132         0.0000              
0.6        12.1915         0.3783++++++++++++++
0.65       12.3933         0.5800++++++++++++++
0.7        12.6101         0.7968++++++++++++++
0.75       12.8498         1.0365++++++++++++++
0.8        13.1249         1.3116++++++++++++++
0.85       13.4582         1.6449++++++++++++++

----------------------------------------------------------------------------------------------------
DETAILED VALUES BY TIMESTEP
----------------------------------------------------------------------------------------------------
t     G_t Mean    τ=0.6       τ=0.65      τ=0.7       τ=0.75      τ=0.8       τ=0.85      
----------------------------------------------------------------------------------------------------
0     31.4562     31.8538     32.0571     32.2689     32.4961     32.7505     33.0485     
1     31.0526     31.4280     31.6196     31.8194     32.0320     32.2657     32.5351     
2     30.3095     30.6735     30.8579     31.0486     31.2507     31.4724     31.7262     
3     29.0574     29.4192     29.6020     29.7904     29.9909     30.2111     30.4645     
4     27.3651     27.7392     27.9309     28.1303     28.3414     28.5739     28.8415     
5     25.6281     25.9892     26.1734     26.3651     26.5707     26.7967     27.0568     
6     23.9975     24.3425     24.5164     24.6963     24.8877     25.0995     25.3462     
7     22.1121     22.4715     22.6516     22.8364     23.0321     23.2479     23.4975     
8     20.1704     20.5239     20.7040     20.8922     21.0932     21.3161     21.5735     
9     18.2897     18.6236     18.7968     18.9790     19.1759     19.3962     19.6554     
10    16.5712     16.9048     17.0819     17.2705     17.4766     17.7106     17.9898     
11    15.1759     15.4992     15.6717     15.8570     16.0622     16.2985     16.5846     
12    13.6521     14.0062     14.1933     14.3941     14.6146     14.8676     15.1727     
13    12.0104     12.3958     12.6037     12.8290     13.0795     13.3695     13.7242     
14    10.3049     10.7062     10.9256     11.1670     11.4418     11.7661     12.1685     
15    8.6987      9.0923      9.3094      9.5508      9.8275      10.1591     10.5767     
16    7.1799      7.5889      7.8157      8.0691      8.3619      8.7133      9.1611      
17    5.6970      6.1191      6.3530      6.6131      6.9147      7.2794      7.7562      
18    4.1831      4.6181      4.8565      5.1209      5.4243      5.7895      6.2646      
19    2.7149      3.1645      3.4101      3.6804      3.9890      4.3584      4.8341      
20    1.3533      1.8242      2.0817      2.3654      2.6890      3.0726      3.5626      
21    0.1569      0.6468      0.9146      1.2073      1.5396      1.9357      2.4369      
22    -0.6076     -0.1183     0.1459      0.4316      0.7504      1.1215      1.5802      
23    -0.8119     -0.3437     -0.0936     0.1727      0.4659      0.7995      1.2009      
24    -0.6418     -0.2029     0.0343      0.2889      0.5666      0.8764      1.2361      
25    -0.4347     -0.0238     0.2002      0.4406      0.7024      0.9914      1.3208      
26    -0.1936     0.1850      0.3921      0.6150      0.8587      1.1320      1.4489      
27    -0.0294     0.2910      0.4692      0.6629      0.8774      1.1197      1.4022      
28    0.0049      0.2340      0.3627      0.5040      0.6613      0.8394      1.0456      
29    -0.0256     0.0941      0.1611      0.2354      0.3193      0.4163      0.5337      

====================================================================================================
INTERPRETATION
====================================================================================================
- tau=0.5 gives the mean (no optimism)
- tau=0.8 gives the 80th percentile-like value (high optimism)
- Higher tau = V targets higher-return trajectories
- Your trained V-net should match the tau value in your config
